10 2 -15.2
2 10 11000000000000101001010000000000000000000000000000000000000000000000000000000000000000000000000000000000000000000000000000000000
2 10 11000000000000101110011001100110011001100110011001100110011001100110011001100110011001100110011001100110011001100110011001100110
10 2 4000.23
10 2 -23243.232434534354343
10 2 7.323214235325456454
10 2 79.23243
10 2 10002.423
10 2 -32434.3232
2 10 01000000000010100000000000000111010111000010100011110101110000101000111101011100001010001111010111000010100011110101110000101000
2 10 11000000000011011111111111111100111011100000001101010001100011100000110100110011011110001011001000011000111101001001101011000011
2 10 01000000000000011101010010101111100010101100001010010100110001000101010111110110111101010101011110111000100010001010010100111110
2 10 01000000000001011111110011101110000000100010000101000010011011111110011100011000101010000110110101110001111100110110001001100010
2 10 01000000000011000000000000000011011000100100110111010010111100011010100111111011111001110110110010001011010000111001010110000001
2 10 11000000000011010000000000000001010010101111010011110000110110000100010011010000000100111010100100101010001100000101010100110010
10 2 -10.013
10 2 -432.323
10 2 9.0422
10 2 -199999999.32324
10 2 2394234355464.2321
