11000000000000101110011001100110011001100110011001100110011001100110011001100110011001100110011001100110011001100110011001100110
-12.625
-15.199999999999999999999999999999999383702417796084527022087058372823258067807472571075777523219585418701171875
01000000000010101111010000000111010111000010100011110101110000101000111101011100001010001111010111000010100011110101110000101000
11000000000011010110101100101100111011100000001101010001100011100000110100110011011110001011001000011000111101001001101011000010
01000000000000011101010010101111100010101100001010010100110001000101010111110110111101010101011110111000100010001010010100111110
01000000000001010011110011101110000000100010000101000010011011111110011100011000101010000110110101110001111100110110001001100010
01000000000011000011100010010011011000100100110111010010111100011010100111111011111001110110110010001011010000111001010110000000
11000000000011011111101011001001010010101111010011110000110110000100010011010000000100111010100100101010001100000101010100110010
2048.22999999999999999999999999999962134676549391433340237028866426260975686091114766895771026611328125
-32767.23243453435434299999999999999966618665547763557231933785433841688217171395081095397472381591796875
7.3232142353254564539999999999999996068340072517048776798595357279543331674442896428445237688720226287841796875
127.232429999999999999999999999999990194458948102823258732213933534967165162044011594844050705432891845703125
8192.422999999999999999999999999999962134676549391433340237028866426260975686091114766895771026611328125
-16384.3231999999999999999999999999987984070691673548179968550493612600149617719580419361591339111328125
11000000000000100100000001101010011111101111100111011011001000101101000011100101011000000100000110001001001101110100101111000110
11000000000001111011000001010010101100000010000011000100100110111010010111100011010100111111011111001110110110010001011010000110
01000000000000100010000101011001101100111101000001111100100001001011010111011100110001100011111100010100000100100000010110111100
11000000000110100111110101111000001111111110101001010111111110110110100110011000010010100000111001000001000010110110001100001010
01000000001010000001011010111001101111100111111110000100000111011011010101110011111010101011001101100111101000001111100100001000
